084529 23835
077100 13217
093240 23344
086550 66640
080709 01186
093212 96859
087670 72536
099207 15001
077100 13217
082912 67647
084249 18965
096195 34099
097022 33355
084549 01775
098339 05914
093244 75566
098199 91743
098215 54399
072085 84917
098196 46072
099207 15001
075060 12398
089281 79035
089767 55990
070395 06762
097570 01280
099584 44212
080803 24444
099997 80050
093101 90899
095821 28200
092127 37617
099119 45480
098102 36481
099907 17772
093327 93327
088829 39805
096509 09890
081304 41815
099993 43999
072177 88698
098187 40741
087500 44077
084484 40231
097738 07223
093110 67482
085953 90705
070652 02020
098216 27725
092110 50549
098113 34434
079004 47900
096509 09890
084484 40231
090311 70312
098187 40741
081300 19690
074288 90305
078279 45947
098216 27725
099137 00910
095406 61880
079004 47900
098180 99989
093327 93327
070652 02020
074288 90305
093110 67489
085953 90705
080102 63263
088009 01811
085951 02298
087501 87501
099010 06910
088617 86509
091086 16381
076766 42258
088617 86527
098800 88777
084316 11648
097422 65668
097426 92750
099867 72585
099202 66660
096113 21616
087330 03330
099867 72585
084316 11648
098800 88777
095910 89292
093119 65171
086601 91114
097426 92750
076708 00000
096866 65253
099202 66660
099000 45031
090421 71729
096329 71811
070194 85067
099167 66911
062356 44442
088617 86517
097426 92750
095133 33267
074839 51458
085500 09988
098458 08709
099004 26501
077790 48899
063912 07014
097403 35840
098252 04615
099091 03041
097261 10183
070417 74887
099987 77766
098257 80739
099099 53050
072289 37808
096625 54242
097128 80707
099786 74969
062623 65000
082000 25159
077779 12293
099989 25230
094263 73710
095860 28957
096877 25511
094263 73710
062623 65000
076777 16770
077779 12293
079841 03761
082000 25159
089808 05868
096877 25511
098793 41249
088000 13026
074288 90305
092906 99996
090300 30185
085006 33033
096039 97479
097000 77422
077020 37337
099661 07515
090522 20303
089775 25461
099125 44004
094941 88688
063024 57922
075696 21318
091338 30055
077020 26769
086863 92181
091338 50055
063011 00455
098486 28471
091004 44920
076610 10109
097016 33401
099597 83851
092465 72079
096182 30939
099489 99924
088852 07550
099517 88787
090002 30734
070134 95019
089399 72102
073389 23999
089392 44344
089392 44344
079047 47793
089394 77477
089399 72101
074189 68881
072000 56001
074486 26364
099621 05052
098847 22837
096001 21800
098845 65013
074189 68881
074486 26364
073054 34837
075502 62086
081220 88809
091116 12345
094440 45294
098411 09332
085084 48833
076677 66266
097506 10101
075500 68001
096000 78100
094443 34944
088867 68868
093809 48474
093809 48474
079040 03050
096866 65253
088705 43010
093829 48474
062892 10774
093305 51564
099323 25439
095222 00725
074495 56677
082828 88880
062890 79021
097488 17473
090072 56664
062907 73636
089611 89005
087774 02531
094333 29944
090075 37856
082408 64668
087776 96445
099036 35533
098309 64268
062892 10774
089611 89005
062907 73636
085839 06464
098316 21353
090733 86602
090072 56664
092301 41497
096810 58398
098317 89536
070449 90643
094333 29944
085838 41032
087774 02531
074288 90305
085306 55777
092255 04097
093722 67644
096375 51234
085304 21122
070209 15231
077700 05193
070307 34040
090496 98918
098343 01046
098343 01046
074474 47001
088888 10099
081498 95185
086009 72993
070370 37703
088062 77677
093540 52529
083789 70762
089280 22217
072640 06300
088570 90603
091676 90141
099786 57598
097635 32228
070660 82123
089566 88587
062629 46000
086056 68844
088883 88886
092252 31629
080079 09160
089283 23711
087080 59948
094133 60005
098287 28833
090797 97145
093104 63912
090243 74344
099829 42567
083024 50450
080506 95759
090530 09696
099839 77795
075678 57598
094149 87721
090019 49244
070739 09991
075678 57598
086961 86186
074288 90305
098287 47676
099500 30363
088008 96372
072850 43606
087582 60139
089808 05868
084010 31587
075740 00950
088668 73461
084696 59391
070468 01543
074051 62060
072020 21225
076009 09090
081601 27264
095373 60459
073839 88833
090819 99120
075740 60505
099791 99790
093779 93299
095128 39180
095656 97720
097214 66662
072330 47172
097214 66662
096950 96561
073100 10046
087563 34461
073555 78512
095197 96222
084000 02983
094159 99864
085730 56847
097214 66662
070801 11595
097214 66662
097214 66662
078004 01746
096950 96561
095197 96222
073555 78512
097944 94076
096960 19206
087992 42132
080808 07051
085730 30015
098383 30088
075050 80008
093353 73211
099351 02801
093353 73211
098396 10631
099351 02801
096960 19206
099354 43389
093361 02073
092367 57143
076178 00800
083189 15492
072750 00455
075582 55821
084829 12110
070201 02348
096234 66180
075170 00369
075584 04947
098231 14447
072399 92333
070660 50400
083089 32826
082084 50839
084464 96467
095123 57598
098814 88361
094221 24984
079772 32418
094202 51647
096931 20120
097362 13312
088009 01613
091685 58073
078756 52233
099708 11538
070203 06318
087569 92909
088009 47345
094311 58311
098352 55465
082980 28888
098357 89252
075749 57598
086033 33088
096932 01251
082520 02211
062879 63511
080554 25542
074885 87396
097318 53790
096931 87989
095251 09999
086033 33088
062879 63511
097318 53790
080554 25542
093860 35411
096931 87989
074885 87396
079797 68511
080846 96222
078702 66699
072579 99991
097714 72796
074288 90305
096938 32083
091425 69346
091550 87930
090310 11932
084349 31877
092799 40008
099054 28915
096679 62505
095251 09999
093045 90418
095707 18434
073609 91122
097986 41642
072501 10904
095222 11178
098272 39417
099260 02887
090397 99000
094066 66084
088896 33222
091091 08422
090095 35457
096498 52185
077730 33311
078796 59002
091111 01519
091110 21921
093400 87927
090397 99000
070244 86260
076975 17555
076975 17555
091110 10991
093001 83001
088719 39188
098260 41759
091375 41508
070282 11442
089766 78193
093226 08999
092223 33999
091521 69203
098217 29729
072080 83582
077100 10044
080806 07170
090763 71234
097666 48768
087330 03330
097697 29090
084249 20744
077100 10044
097698 39623
097021 46136
090045 43467
073047 77980
070455 27333
090292 98938
075060 12398
077100 10044
099770 92006
095229 29333
073542 20197
085858 58585
095123 57598
091113 03282
090982 00428
095222 62262
074288 90305
099770 92006
088219 76221
086020 09806
094075 10757
079742 21232
081095 81700
070675 85595
092475 18007
090009 90963
095814 00055
081429 61234
084484 49709
098494 98582
099675 83385
092900 58545
091820 61841
089125 55503
092900 58545
091549 54357
090591 31444
098487 34714
079995 79998
080007 70202
091061 15707
089802 20226
097239 10845
097378 84319
094276 54666
090998 57598
081281 22236
098984 00837
075740 00311
098240 42421
090330 63029
095375 55660
098983 69711
098983 40202
082384 48020
077780 33599
087587 53333
088000 13034
076229 53953
087587 50040
090544 14194
090815 55665
099782 13141
092082 35736
094102 91911
090456 37893
082728 39812
098723 94753
096539 45747
085668 33393
070874 00902
098884 05906
062398 82290
092163 80013
098147 62054
078143 03233
088002 26864
098039 69373
092163 45675
082642 80048
074288 90305
098887 45849
094178 15580
093178 93178
098776 15247
084691 55888
099988 19878
099793 16870
098798 38405
099740 42129
087330 03330
076076 98298
081550 62129
098257 10288
078784 22000
078747 09526
099984 33334
070487 89128
099243 62522
099979 87111
099274 29984
072399 93555
092364 55136
094580 00681
072480 33330
074288 90305
084369 00456
094763 83441
074288 90305
081006 46763
095642 82482
095641 03111
089729 39974
074319 15532
096144 73679
085098 63280
082650 07334
093268 69898
082081 10517
077690 37683
074981 80068
072762 62333
074981 80068
083808 30444
072762 62333
076660 16500
092725 94047
099786 57598
085519 99607
090829 16891
082372 18218
083290 69518
098220 56000
074288 90305
078383 35131
088606 08006
097183 11776
098112 32482
099718 66455
096430 60423
099114 24811
082966 66111
095821 73161
099100 71069
098999 70657
098119 77849
098155 50882
075288 08531
084378 06665
095013 92923
098157 43663
079864 54253
095690 62843
079864 54253
090413 92014
090523 00003
074891 41313
085285 61146
078373 99775
077173 42177
077110 51000
094568 38124
075006 86666
076651 86856
099270 11962
063869 03190
093592 28586
063988 74532
099278 27825
088698 76363
092197 10033
098371 74468
070374 96968
088698 76363
074288 90305
078959 37338
082966 66111
086555 69282
098702 70559
080976 34120
080807 75553
097570 01283
093226 08999
086550 52663
089280 83032
086522 21988
086550 52663
089280 83032
092223 33999
099674 22383
086550 05310
084339 32288
082966 66111
096996 12385
082966 66111
082966 66111
082966 66111
082966 66111
082966 66111
082966 66111
076668 66676
082966 66111
096196 19937
076666 47656
070454 93358
070453 13787
088300 00914
092840 02388
075060 12398
084688 22022
084462 77393
097304 43941
084460 16664
099673 11155
082966 66111
082966 66111
084849 69641
098905 53869
099187 39392
092352 53419
093057 34693
097957 66895
072401 11999
073881 34799
099199 91157
099196 66650
063912 07106
073881 34799
099199 91157
083539 11171
086760 80858
094729 88664
088743 87438
093362 99718
099064 34363
088999 29252
074288 90305
096823 67376
091510 15971
077808 52523
089693 96889
097080 35061
073037 63219
095345 92915
075749 57598
078708 73369
098523 60114
092622 39498
093341 68416
094727 65950
098102 29716
093081 10008
091166 91119
098284 61008
085050 41000
091722 66888
093143 42040
098280 91330
074140 53555
076659 44999
076109 99444
099821 57775
098766 43060
098887 10660
095695 11656
078144 61122
090567 63360
088000 13076
098517 80780
088474 05556
095697 36891
093195 95965
098141 70828
079861 30443
098723 34466
098551 33570
062803 06433
097801 20301
075290 60606
063869 03228
095755 44000
095895 21377
098930 04174
077140 80090
074153 34338
098930 62316
090099 88193
098267 24247
099814 04174
093296 77770
093508 17199
098271 97848
070499 15090
094775 60001
077140 80090
090099 88193
093508 17199
098271 58707
089820 30989
074157 07513
070499 15090
092352 53403
096512 56310
092355 44544
097928 51111
091989 99283
070684 08976
084000 83030
063904 47788
075239 74246
097924 11234
091610 67088
094152 16856
096705 56363
097214 06506
098384 40090
099941 46662
095978 40494
096555 03121
099586 04645
099524 53499
096553 10576
098842 67599
088833 32556
063813 49872
076676 73030
099246 12345
095664 62222
098941 93186
088000 13094
072994 87694
082204 47222
073737 99495
094898 77979
097888 71555
091004 44920
096293 92833
094865 87181
093637 00600
078249 10076
093671 45750
097916 11305
098430 13335
096778 13391
096591 06106
081442 20082
073737 38208
095002 95905
096552 96559
093608 99780
093608 99780
098267 77726
098272 23425
097136 96113
062673 35969
091091 08423
093012 02800
093436 62287
062673 35969
093000 22121
091091 08423
087700 60399
093012 02800
099933 05574
083498 78910
090982 77738
090398 03981
090746 02447
078283 16383
074288 90305
080902 81288
062667 07287
091091 69847
098272 73111
092000 81081
084620 60666
083599 79000
062667 07287
098272 73111
091091 69848
078287 48989
097540 78816
088895 93108
099202 66660
098499 42299
094941 88688
091333 45314
088855 49700
092175 67567
096038 88863
073888 11888
096038 88863
088855 67275
094409 77111
096593 92525
096985 88809
093644 44662
080983 43030
075984 04070
097896 22555
099526 32300
091761 37043
099949 08223
063849 91449
099949 08223
098424 83367
095007 10004
072004 30099
086109 68175
082204 11490
095970 82692
096777 81155
098433 55524
092070 46780
094019 34592
098540 19277
069012 59799
098660 73972
097060 02481
074288 90305
084740 13437
099541 80557
073037 63849
097067 81479
070863 34049
084860 23566
070863 34049
060023 88843
098640 93327
097067 81479
084860 23566
090211 19763
086383 91721
076369 13588
070022 16693
098597 24021
076700 46464
088761 77174
070990 05541
060027 21855
084680 22022
095188 86054
080543 69515
097009 00034
072659 11227
098145 70784
082838 67867
093160 68310
076964 44376
084270 09141
098721 24143
092164 42200
085918 50950
099137 00910
076540 00041
098788 80102
075081 49548
099880 56377
078149 68487
092160 90169
062803 54478
086998 86998
098150 13418
081469 02672
075081 49548
098721 24534
078149 68487
090410 12051
095926 82437
090410 99909
098723 46666
098721 64499
099880 56377
073474 68198
098150 13418
097797 37368
092167 76076
070878 78746
083077 10674
084274 14076
089689 76677
079018 97977
099866 01259
063664 37712
088000 13051
098861 32242
089048 84654
086605 59772
063664 37712
072086 40740
093073 63226
096110 24913
082966 66111
088843 16999
094800 37329
082968 88111
097184 99479
098370 06600
070883 49891
074288 90305
092687 10994
081265 55333
092352 53442
099270 35451
089235 18165
079021 57719
074538 36666
079021 57719
099176 72402
084496 60097
081919 12633
070192 43492
099996 50006
087503 79000
088606 08010
088606 08010
099137 00910
089205 30440
095344 43950
095603 62022
081304 33691
096673 61999
088008 40109
078889 09347
099990 09253
087430 00624
093157 63300
080100 30313
080107 66806
093157 63300
098119 30454
099990 09253
099106 09749
081840 08500
096677 99102
089299 12683
087506 76667
084484 74648
097172 29659
076830 43155
078271 80534
